1
1
1
1
1
1
1
1
1
1
1
1
1
1
1
1
1
1
1
1
1
1
1
1
1
1
1
1
1
1
1
1
1
1
1
1
1
1
1
1
1
1
1
1
1
1
1
1
1
1
1
1
1
1
1
1
1
1
1
1
1
1
1
1
1
1
1
1
1
1
1
1
1
1
1
1
1
1
1
1
1
1
1
1
1
1
1
1
1
1
1
1
1
1
1
1
1
1
1
1
6
2
6
4
3
2
2
2
6
6
7
6
5
6
11
1681
12
322
119
23
54
96
7
2
16
27
6
6
2
3
2
3
2
2
8
115
31
31
2
7
8
50
2
2
2
20
13
5
6
52
6
7
96
7
6
5
5
2
2
16
4
15
25
6
2
2
6
2
10
5
2
5
4
9
4
11
3
6
5
2
4
3
4
4
4
2
2
9
2
3
5
15
4
8
34
2
10
2
17
6
4
2
18
2
5
3
5
2
161
3
3
17
18
11
11
11
6
4
2
19
3
2
8
4
18
2
6
5
5
5
9
4
9
3
3
10
15
7
199
2
1
2
4
2
2
2
2
5
2
6
4
4
4
4
4
25
2
2
4
6
3
3
2
6
2
3
4
4
4
23
17
4
2
2
2
3
3
3
9
3
2
2
2
2
41
3
5
3
2
3
23
346
2
1
1
5
34
24
1
11
6
8
6
4
18
6
3
19
15
4
2
16
7
12
10
4
71
44
6
10
9
18
5
2
4
3
2
2
2
9
2
2
2
3
4
3
2
3
6
7
7
440
10
20
3
13
3
3
4
2
12
4
2
16
2
2
5
8
4
3
3
2
3
2
7
2
2
3
10
6
2
3
9
11
7
3
3
2
11
3
5
5
2
5
4
2
17
5
5
5
5
5
2
9
4
7
2
2
2
6
5
657
2
2
12
2
2
3
13
3
14
21
5
42
4
500
3
2
2
2
3
2
2
2
2
19
15
5
2
2
35
27
27
11
7
3
10
10
4
9
11
4
7
2
8
2
2
2
2
2
2
3
6
3
3
1
13
2
2
2
2
2
2
2
2
2
6
1
25
3
3
3
3
3
2
1
14
2
2
2
2
2
2
2
1
9
2
2
2
2
2
2
1
13
11
313
9
17
9
4
2
2
21
2
2
3
3
2
2
3
9
19
40
36
9
5
36
10
7
12
3
2
2
10
4
13
11
8
8
8
8
8
8
8
8
8
7
7
7
2
2
2
2
2
2
2
2
2
3
4
3
5
7
4
4
4
4
4
6
6
5
5
4
4
4
4
4
4
4
9
7
10
4
4
4
11
4
4
4
4
4
4
4
4
4
4
4
4
4
12
4
4
4
4
34
7
7
5
7
13
5
13
5
7
5
3
3
7
30
7
13
5
13
5
13
5
13
5
13
5
13
5
13
5
13
5
13
5
4
8
2
2
2
2
8
11
9
5
2
4
4
4
4
40
24
7
4
2
5
2
2
5
5
19
13
14
8
6
5
2
7
4
4
7
7
9
9
13
9
9
9
7
4
3
7
9
8
15
4
4
4
4
4
4
2
3
4
4
3
3
5
2
4
3
3
4
4
3
3
2
4
4
5
3
4
4
4
4
3
3
3
3
3
3
3
4
4
3
3
3
3
3
3
4
4
3
3
3
3
4
4
3
3
3
3
4
4
3
3
3
3
4
4
3
3
16
3
5
4
4
2
3
3
2
6
6
6
6
6
6
6
6
6
19
19
19
19
19
19
19
19
19
2
20
14
5
5
5
5
20
14
5
5
5
5
20
14
5
5
5
5
20
14
5
5
5
5
20
14
5
5
5
5
20
14
5
5
5
5
20
14
5
5
5
5
20
14
5
5
5
5
20
14
5
5
5
5
10
8
8
8
5
5
5
5
3
3
3
3
3
3
3
4
4
4
4
4
4
4
4
4
4
4
4
6
6
7
6
6
5
5
5
6
6
7
5
3
3
3
3
7
7
7
6
4
4
3
3
1
1
3
1
7
3
2
3
13
3
34
15
23
22
6
4
11
8
19
19
27
27
19
9
7
7
10
10
9
23
16
5
5
13
12
12
20
147
31
5
12
3
10
19
1
36
33
3
3
2
11
12
13
12
28
18
6
4
11
3
2
2
2
2
3
5
2
4
2
4
7
3
12
3
3
3
4
4
5
2
4
4
7
3
3
3
18
14
4
4
5
4
5
10
6
5
2
3
7
2
5
3
3
10
2
3
3
3
2
2
5
5
8
7
2
3
28
3
5
2
3
2
2
2
2
30
79
27
3
2
2
3
3
23
10
12
12
9
3
3
3
3
2
17
6
2
7
21
12
2
3
11
11
10
10
9
5
9
11
7
8
4
2
3
2
2
3
2
12
12
8
8
3
3
4
3
4
1
13
6
6
3
3
2
2
3
6
18
17
5
10
12
5
2
3
3
14
6
10
7
8
3
9
9
29
29
28
29
29
28
12
5
12
5
12
5
12
5
12
5
12
5
7
3
7
3
3
3
8
6
9
14
7
6
7
7
2
2
2
2
2
2
2
2
2
2
2
2
2
3
2
2
2
2
5
2
2
2
3
2
1
3
1
19
2
1
16
2
1
7
7
7
7
7
7
9
3
4
16
1
4
7
11
6
8
2
4
2
2
2
2
2
2
2
2
2
2
2
4
5
9
4
7
2
16
4
5
3
10
3
3
2
9
3
3
4
2
4
7
2
6
2
2
5
5
2
1
5
5
3
3
4
28
4
14
6
2
13
13
1
16
18
7
14
1
4
26
3
3
3
3
3
3
3
6
8
3
3
3
3
3
9
3
3
3
3
3
3
3
3
3
3
3
1
3
1
1
1
1
1
1
1
1
1
1
1
1
1
2
2
2
2
2
2
2
2
2
3
3
4
3
4
7
3
4
179
36
3
3
4
4
2
2
5
1
3
4
6
4
4
3
4
4
6
2
2
2
2
2
2
2
2
2
5
15
7
6
5
2
2
4
1
1
1
1
1
1
1
2
6
6
